"DateTime","2021 7-day moving average","2021 Number of flights","2020 7-day moving average","2020 Number of flights","2019 7-day moving average","2019 Number of flights"
"2021-01-01",127803,93897,164362,144067,149020,128717
"2021-01-02",126909,120291,165769,175861,150190,162303
"2021-01-03",125859,130037,165403,175444,150656,169310
"2021-01-04",126436,137935,164985,165733,152503,173386
"2021-01-05",125693,138303,166528,172605,153786,161288
"2021-01-06",125084,138576,168421,184566,154813,156172
"2021-01-07",128658,141572,171657,183328,159253,163601
"2021-01-08",135225,139866,176691,179306,164227,163535
"2021-01-09",137174,133933,178076,185552,164910,167080
"2021-01-10",137578,132867,179282,183890,165342,172335
"2021-01-11",137183,135168,177687,154564,164902,170304
"2021-01-12",137420,139964,176103,161515,162738,146139
"2021-01-13",139210,151105,174255,171632,160881,143175
"2021-01-14",140793,152648,172803,173162,160437,160497
"2021-01-15",141322,143574,173944,187297,160372,163077
"2021-01-16",140200,126077,174154,187023,160499,167969
"2021-01-17",139005,124504,174764,188157,160367,171412
"2021-01-18",139296,137202,175720,161254,160519,171368
"2021-01-19",139108,138651,176331,165794,160513,146099
"2021-01-20",137810,142017,178826,189099,160648,144117
"2021-01-21",137051,147337,181355,190867,161363,165504
"2021-01-22",137710,148183,180920,184248,161700,165434
"2021-01-23",137609,125375,181318,189810,161184,164357
"2021-01-24",136173,114449,181517,189551,161087,170732
"2021-01-25",133990,121921,181667,162301,162615,182063
"2021-01-26",132588,128840,181449,164267,164356,158290
"2021-01-27",131495,134364,179682,176736,165209,150084
"2021-01-28",130368,139448,177889,178310,164826,162823
"2021-01-29",130109,146372,177914,184425,165117,167473
"2021-01-30",130679,129361,177404,186239,165860,169560
"2021-01-31",131315,118899,176746,184949,166126,172592
"2021-02-01",131203,121137,175570,154067,164925,173657
"2021-02-02",131082,127998,174770,158666,163326,147095
"2021-02-03",132717,145808,175156,179441,162422,143755
"2021-02-04",134380,151090,174070,170708,161727,157962
"2021-02-05",134359,146221,172705,174865,161055,162766
"2021-02-06",133578,123893,170661,171934,161015,169279
"2021-02-07",132443,110960,170184,181611,160779,170945
"2021-02-08",134083,132614,172443,169881,160979,175057
"2021-02-09",134288,129433,171584,152651,161532,150962
"2021-02-10",133187,138101,168731,159472,161768,145408
"2021-02-11",130451,131937,167461,161819,161966,159347
"2021-02-12",128074,129580,167653,176204,161995,162972
"2021-02-13",125713,107369,168317,176585,162374,171927
"2021-02-14",124552,102833,169889,192613,163891,181564
"2021-02-15",121057,108146,169805,169293,165128,183720
"2021-02-16",119406,117876,170475,157345,166799,162656
"2021-02-17",119893,141512,172520,173785,168702,158729
"2021-02-18",119870,131775,174004,172208,170981,175300
"2021-02-19",121228,139089,175109,183938,172502,173623
"2021-02-20",126565,144724,176087,183430,171559,165324
"2021-02-21",132317,143098,176679,196756,170675,175378
"2021-02-22",137021,141073,177533,175274,170006,179037
"2021-02-23",142640,157214,178806,166252,169804,161243
"2021-02-24",146166,166192,178806,173788,170256,161890
"2021-02-25",151435,168661,178842,172456,170262,175345
"2021-02-26",155171,165237,177380,173708,171359,181297
"2021-02-27",150098,109212,177882,186942,173717,181830
"2021-02-28",,,177506,194125,174326,179643
"2021-03-01",,,176520,167470,174484,180143
"2021-03-02",,,176363,172689,173335,153198
"2021-03-03",,,176997,176892,171556,149440
"2021-03-04",,,178235,182378,170115,165254
"2021-03-05",,,178483,188674,169443,176597
"2021-03-06",,,177692,188587,169140,179705
"2021-03-07",,,177885,168507,169498,182154
"2021-03-08",,,178416,171187,169658,181259
"2021-03-09",,,178796,175350,169924,155062
"2021-03-10",,,177982,171193,170717,154993
"2021-03-11",,,177834,181341,172266,176098
"2021-03-12",,,176583,179920,172174,175953
"2021-03-13",,,174208,171961,171184,172773
"2021-03-14",,,172383,155729,170646,178389
"2021-03-15",,,169859,153521,171017,183851
"2021-03-16",,,167279,157293,172883,168129
"2021-03-17",,,164012,148325,175187,171119
"2021-03-18",,,158725,144330,176268,183665
"2021-03-19",,,151899,132135,178006,188122
"2021-03-20",,,145781,129138,180483,190106
"2021-03-21",,,140043,115564,182057,189411
"2021-03-22",,,132709,102181,183324,192722
"2021-03-23",,,123842,95227,184417,175774
"2021-03-24",,,116730,98539,185585,179298
"2021-03-25",,,109608,94477,183498,169056
"2021-03-26",,,104585,96970,182183,178914
"2021-03-27",,,98890,89276,182186,190132
"2021-03-28",,,92311,69508,182588,192223
"2021-03-29",,,86931,64522,182739,193782
"2021-03-30",,,83941,74295,182794,176158
"2021-03-31",,,80930,77465,182501,177247
"2021-04-01",,,78923,80431,184885,185743
"2021-04-02",,,75931,76022,185694,184577
"2021-04-03",,,73575,72785,185455,188460
"2021-04-04",,,72441,61570,184822,187792
"2021-04-05",,,71376,57065,183276,182959
"2021-04-06",,,70394,67420,182060,167645
"2021-04-07",,,69778,73157,181382,172498
"2021-04-08",,,68944,74591,180429,179078
"2021-04-09",,,67887,68623,180206,183011
"2021-04-10",,,67230,68188,178839,178895
"2021-04-11",,,67376,62592,179883,195099
"2021-04-12",,,65837,46294,181411,193655
"2021-04-13",,,63951,54214,182289,173790
"2021-04-14",,,63758,71808,181048,163813
"2021-04-15",,,63810,74953,181982,185611
"2021-04-16",,,64752,75216,183922,196594
"2021-04-17",,,65308,72081,187400,203239
"2021-04-18",,,64675,58163,188229,200906
"2021-04-19",,,66347,57994,187327,187339
"2021-04-20",,,68235,67434,188060,178923
"2021-04-21",,,68744,75371,189295,172458
"2021-04-22",,,69240,78427,190995,197510
"2021-04-23",,,69357,76032,190712,194611
"2021-04-24",,,69750,74831,189817,196977
"2021-04-25",,,71280,68877,190071,202680
"2021-04-26",,,72076,63561,190587,190950
"2021-04-27",,,73113,74696,189345,170235
"2021-04-28",,,73876,80714,189939,176610
"2021-04-29",,,73552,76156,188655,188526
"2021-04-30",,,73906,78510,187795,188591
"2021-05-01",,,74862,81522,187888,197625
"2021-05-02",,,75200,71244,186212,190952
"2021-05-03",,,75920,68602,186185,190758
"2021-05-04",,,76318,77484,186344,171350
"2021-05-05",,,76833,84315,186718,179229
"2021-05-06",,,78821,90071,187541,194287
"2021-05-07",,,81337,96122,188646,196322
"2021-05-08",,,82373,88776,187321,188353
"2021-05-09",,,83806,81275,186690,186535
"2021-05-10",,,83198,64344,187029,193129
"2021-05-11",,,83478,79443,187454,174326
"2021-05-12",,,84269,89858,186249,170796
"2021-05-13",,,84931,94702,185443,188640
"2021-05-14",,,84680,94368,185689,198047
"2021-05-15",,,85547,94840,188209,205992
"2021-05-16",,,86969,91233,190526,202754
"2021-05-17",,,90263,87398,191433,199481
"2021-05-18",,,91670,89296,193023,185452
"2021-05-19",,,92919,98601,193144,171644
"2021-05-20",,,95155,110349,192098,181320
"2021-05-21",,,98968,121065,190720,188400
"2021-05-22",,,100823,107821,190425,203930
"2021-05-23",,,99803,84093,191305,208911
"2021-05-24",,,98810,80451,192883,210529
"2021-05-25",,,98130,84532,193332,188596
"2021-05-26",,,98311,99868,193320,171557
"2021-05-27",,,98527,111860,194024,186249
"2021-05-28",,,96544,107189,194063,188669
"2021-05-29",,,97175,112233,193467,199763
"2021-05-30",,,100447,106999,193414,208540
"2021-05-31",,,103566,102287,194456,217824
"2021-06-01",,,108319,117797,196572,203404
"2021-06-02",,,111028,118835,200002,195567
"2021-06-03",,,111665,116320,201911,199616
"2021-06-04",,,112494,112990,204271,205183
"2021-06-05",,,112321,111025,204449,201015
"2021-06-06",,,110372,93355,203819,204126
"2021-06-07",,,108754,90962,202243,206793
"2021-06-08",,,107185,106809,200544,191510
"2021-06-09",,,105888,109757,199912,191141
"2021-06-10",,,105707,115051,198966,192994
"2021-06-11",,,107274,123965,199128,206323
"2021-06-12",,,110777,135545,200282,209091
"2021-06-13",,,113771,114310,201311,211327
"2021-06-14",,,115508,103124,202816,217326
"2021-06-15",,,117238,118914,202805,191436
"2021-06-16",,,119121,122942,202124,186376
"2021-06-17",,,121082,128775,203765,204478
"2021-06-18",,,121795,128959,203876,207100
"2021-06-19",,,120750,128228,204002,209974
"2021-06-20",,,121356,118555,203672,209020
"2021-06-21",,,122664,112276,204064,220066
"2021-06-22",,,122987,121175,205480,201351
"2021-06-23",,,123796,128606,207568,200988
"2021-06-24",,,125234,138845,207710,205474
"2021-06-25",,,126695,139183,208275,211053
"2021-06-26",,,127798,135951,209374,217669
"2021-06-27",,,127133,113899,211193,221756
"2021-06-28",,,126135,105289,211828,224508
"2021-06-29",,,125444,116337,212072,203062
"2021-06-30",,,125065,125957,210777,191917
"2021-07-01",,,124285,133384,210675,204761
"2021-07-02",,,124823,142950,210564,210281
"2021-07-03",,,125679,141940,210321,215963
"2021-07-04",,,126107,116896,206430,194521
"2021-07-05",,,127930,118048,202587,197610
"2021-07-06",,,129569,127813,200667,189617
"2021-07-07",,,131116,136786,201561,198175
"2021-07-08",,,131920,139012,202164,208985
"2021-07-09",,,132545,147323,203003,216151
"2021-07-10",,,133151,146182,203757,221243
"2021-07-11",,,136612,141124,206745,215438
"2021-07-12",,,140205,143199,209596,217564
"2021-07-13",,,142989,147301,211456,202640
"2021-07-14",,,144509,147427,211492,198425
"2021-07-15",,,145997,149426,211764,210892
"2021-07-16",,,146150,148395,212214,219299
"2021-07-17",,,147423,155093,212032,219971
"2021-07-18",,,148482,148535,212943,221813
"2021-07-19",,,148000,139824,213746,223188
"2021-07-20",,,147763,145643,213514,201011
"2021-07-21",,,147604,146312,214037,202085
"2021-07-22",,,147178,146449,213574,207657
"2021-07-23",,,147282,149118,212908,214631
"2021-07-24",,,146803,151744,213668,225296
"2021-07-25",,,145978,142760,214896,230409
"2021-07-26",,,144539,129750,215379,226565
"2021-07-27",,,143431,137884,214957,198060
"2021-07-28",,,142644,140805,214099,196075
"2021-07-29",,,141086,135541,214416,209879
"2021-07-30",,,141556,152409,214237,213381
"2021-07-31",,,142740,160034,212940,216215
"2021-08-01",,,143165,145736,212112,224610
"2021-08-02",,,143080,129153,211028,218980
"2021-08-03",,,142863,136365,211703,202783
"2021-08-04",,,143131,142681,213166,206320
"2021-08-05",,,146499,159116,212945,208326
"2021-08-06",,,148124,163789,212174,207988
"2021-08-07",,,148643,163664,210847,206926
"2021-08-08",,,149570,152224,210126,219565
"2021-08-09",,,151872,145270,209627,215485
"2021-08-10",,,153656,148852,207926,190876
"2021-08-11",,,155256,153882,205831,191657
"2021-08-12",,,155138,158289,204846,201431
"2021-08-13",,,154392,158569,204736,207213
"2021-08-14",,,153815,159621,205944,215384
"2021-08-15",,,152886,145720,205301,215063
"2021-08-16",,,152409,141931,205546,217199
"2021-08-17",,,152213,147485,205735,192203
"2021-08-18",,,152365,154941,205635,190958
"2021-08-19",,,152650,160289,206091,204621
"2021-08-20",,,153871,167110,207209,215041
"2021-08-21",,,153885,159724,207645,218435
"2021-08-22",,,153424,142494,208977,224385
"2021-08-23",,,153444,142071,209899,223653
"2021-08-24",,,152978,144217,212961,213638
"2021-08-25",,,152003,148116,215021,205374
"2021-08-26",,,150939,152846,215042,204770
"2021-08-27",,,149796,159110,214052,208114
"2021-08-28",,,149161,155275,213486,214472
"2021-08-29",,,147851,133324,213529,224682
"2021-08-30",,,147124,136981,213851,225912
"2021-08-31",,,147316,145561,213316,209889
"2021-09-01",,,147035,146148,210769,187549
"2021-09-02",,,147005,152636,209888,198599
"2021-09-03",,,147431,162095,208251,196660
"2021-09-04",,,150043,173559,207433,208740
"2021-09-05",,,153714,159021,206766,220017
"2021-09-06",,,154406,141825,205588,217665
"2021-09-07",,,154372,145320,204188,200089
"2021-09-08",,,153950,143196,205609,197495
"2021-09-09",,,153030,146196,206140,202320
"2021-09-10",,,151784,153377,207381,205346
"2021-09-11",,,150164,162215,207286,208070
"2021-09-12",,,148748,149109,206397,213798
"2021-09-13",,,149206,145029,206035,215129
"2021-09-14",,,149628,148274,206232,201472
"2021-09-15",,,151703,157722,206202,197282
"2021-09-16",,,153212,156758,205908,200261
"2021-09-17",,,153571,155895,206333,208324
"2021-09-18",,,153862,164247,207154,213812
"2021-09-19",,,154760,155400,207642,217215
"2021-09-20",,,155503,150231,207943,217235
"2021-09-21",,,155543,148551,207857,200873
"2021-09-22",,,155048,154255,206811,189962
"2021-09-23",,,155137,157382,206081,195146
"2021-09-24",,,155240,156616,205093,201408
"2021-09-25",,,153679,153321,204075,206689
"2021-09-26",,,150365,132201,202888,208904
"2021-09-27",,,147615,130980,201906,210361
"2021-09-28",,,145098,130931,199153,181604
"2021-09-29",,,141759,130882,197790,180420
"2021-09-30",,,141434,155109,197630,194024
"2021-10-01",,,142360,163100,196744,195208
"2021-10-02",,,143219,159331,196045,201794
"2021-10-03",,,144353,140138,195719,206625
"2021-10-04",,,144936,135064,194857,204330
"2021-10-05",,,146584,142464,195797,188181
"2021-10-06",,,149366,150356,195698,179729
"2021-10-07",,,148982,152426,195420,192075
"2021-10-08",,,148717,161245,195834,198105
"2021-10-09",,,149354,163785,195343,198359
"2021-10-10",,,148648,135202,194796,202796
"2021-10-11",,,148274,132441,194420,201701
"2021-10-12",,,146872,132649,194123,186101
"2021-10-13",,,146359,146771,195271,187760
"2021-10-14",,,147064,157357,196007,197233
"2021-10-15",,,146324,156068,195937,197609
"2021-10-16",,,145376,157148,195398,194587
"2021-10-17",,,146643,144068,195775,205438
"2021-10-18",,,147633,139373,196583,207353
"2021-10-19",,,148490,138651,195929,181528
"2021-10-20",,,147261,138166,194641,178744
"2021-10-21",,,144649,139069,193147,186771
"2021-10-22",,,144045,151846,192597,193761
"2021-10-23",,,141864,141878,194268,206282
"2021-10-24",,,139631,128438,194511,207139
"2021-10-25",,,137389,123675,193747,202007
"2021-10-26",,,135334,124271,193589,180419
"2021-10-27",,,135070,136318,193033,174852
"2021-10-28",,,135500,142076,193659,191158
"2021-10-29",,,134360,143870,192579,186201
"2021-10-30",,,137175,161577,189455,184409
"2021-10-31",,,140384,150905,186542,186754
"2021-11-01",,,140276,122920,185067,191678
"2021-11-02",,,142748,141570,184485,176349
"2021-11-03",,,145385,154779,184415,174357
"2021-11-04",,,148971,167179,184282,190227
"2021-11-05",,,152259,166889,185097,191909
"2021-11-06",,,153426,169742,186960,197451
"2021-11-07",,,152452,144085,187777,192468
"2021-11-08",,,153688,131575,188684,198028
"2021-11-09",,,153176,137983,188549,175403
"2021-11-10",,,150572,136552,189179,178772
"2021-11-11",,,146085,135773,187615,179274
"2021-11-12",,,144089,152913,186146,181631
"2021-11-13",,,142266,156985,185684,194213
"2021-11-14",,,141704,140152,186576,198711
"2021-11-15",,,140575,123670,186432,197023
"2021-11-16",,,141675,145682,186337,174736
"2021-11-17",,,143451,148984,185116,170225
"2021-11-18",,,146085,154212,186032,185691
"2021-11-19",,,146162,153455,187389,191126
"2021-11-20",,,147801,168452,186757,189792
"2021-11-21",,,149232,150169,185946,193031
"2021-11-22",,,150059,129459,185599,194594
"2021-11-23",,,149371,140867,185984,177433
"2021-11-24",,,149569,150370,186390,173066
"2021-11-25",,,148626,147614,186669,187646
"2021-11-26",,,142317,109293,186526,190126
"2021-11-27",,,136826,130016,185083,179689
"2021-11-28",,,134157,131483,179405,153284
"2021-11-29",,,135087,135971,175201,165164
"2021-11-30",,,133665,130912,173768,167407
"2021-12-01",,,133531,149432,172797,166264
"2021-12-02",,,134872,157000,171883,181253
"2021-12-03",,,142265,161041,172169,192123
"2021-12-04",,,146456,159359,174432,195532
"2021-12-05",,,147532,139015,180710,197228
"2021-12-06",,,146949,131888,185012,195281
"2021-12-07",,,147978,138117,185989,174242
"2021-12-08",,,148356,152078,185633,163776
"2021-12-09",,,149220,163047,184350,172272
"2021-12-10",,,150100,167196,182914,182071
"2021-12-11",,,149820,157400,182335,191475
"2021-12-12",,,147451,122437,182130,195798
"2021-12-13",,,146152,122790,180801,185978
"2021-12-14",,,146018,137180,178143,155636
"2021-12-15",,,145774,150370,178527,166464
"2021-12-16",,,142627,141021,179959,182294
"2021-12-17",,,140787,154311,179835,181205
"2021-12-18",,,142270,167781,180514,196224
"2021-12-19",,,146392,151293,181345,201618
"2021-12-20",,,148120,134888,183242,199255
"2021-12-21",,,148548,140175,186660,179561
"2021-12-22",,,149424,156499,186677,166585
"2021-12-23",,,151166,153218,185866,176614
"2021-12-24",,,145280,113112,181583,151230
"2021-12-25",,,133662,86450,170725,120212
"2021-12-26",,,130127,126552,165638,166012
"2021-12-27",,,130484,137385,162603,178009
"2021-12-28",,,129587,133896,161045,168658
"2021-12-29",,,127731,143506,160362,161805
"2021-12-30",,,126248,142838,159605,171314
"2021-12-31",,,126740,116553,160954,160672